0 1671422163.386657 -0.10091480202482567 5.899071171822487 0.7737828984711159 0.09395853038640248 0.28945761919021606
0 1671422163.7869496 0.0 6.0 0.46298491086577886 -0.008097422889458805 0.03789432346820831
1 1671422551.6100605 -5.9165671981858505 0.08344439814292577 0.20400548221036607 0.04796961760219354 0.2998559772968292
4 1671423298.2005582 -5.909081639704048 0.9090858515626685 0.7924456739117501 0.06493885035689662 0.29956889152526855
5 1671423542.0490685 -5.999985212487005 0.6808000003425381 0.5783076807293047 0.28933511921441646 0.2997439205646515
6 1671423690.1689677 0.0002688019618962978 1.1977000062269745 0.7921254143880355 -0.06517982399565111 0.2993100583553314
6 1671423701.903164 5.0102428656023656e-05 8.918500001160687 0.7993910454071464 0.00047721246236617516 0.29938989877700806
6 1671423704.560785 3.5757336628805536e-05 9.228150000827636 0.7990917247664484 0.008351710738251805 0.29920831322669983
6 1671423830.3149056 -5.999944858374671 6.809725001277684 0.7997869382377711 0.007906654656371082 0.29989439249038696
6 1671423838.3262758 -5.999963202627125 9.20570000085263 0.798788914481074 0.008630575734152046 0.2989148795604706
6 1671423838.774083 -5.999941646769642 8.7404000013521 0.3013234203776296 0.002606192691034792 0.19869188964366913
7 1671423911.43608 -0.83039999999999 0.0 0.774702274588627 -0.0628404022486663 0.28179824352264404
9 1671424378.7258842 -0.9001727610989895 0.09970212384986685 0.7993744914612135 -0.014954826050566139 0.2997470200061798
9 1671424381.9036913 -0.0021918786917285438 0.9978078166589572 0.7725039709820672 0.09606859571489013 0.28894349932670593
9 1671424383.0994773 0.0 1.0 0.6491271053354406 -0.09302264260988558 0.17576433718204498
9 1671424535.651047 -5.9999967478590435 0.9298000000753301 0.7963907899514397 0.03571557816517412 0.29853564500808716
14 1671425827.7160995 -6.024499999894809 5.99999772998704 0.7744669855646276 0.032869541653105294 0.2764345407485962
