0 1671422132.609766 -0.0007160100725444943 3.50029657136749 0.08967489262004769 -0.0010332818886707121 0.4103245437145233
0 1671422149.5220242 0.00017034825745478044 0.822900003946309 0.7962147076296795 -0.011659017043492549 0.2964451014995575
0 1671422161.707018 -0.02865898185073497 3.9307997633003886 0.7437004292486971 0.034863535847342336 0.24618183076381683
1 1671422445.6856203 -0.0006749999999999999 2.0 0.26241926538430715 -0.016713296369760437 0.2381664216518402
2 1671422822.341114 -6.0 2.5 0.5937855391224436 0.02396394427189108 0.09679802507162094
2 1671422822.941725 -6.00064999999721 2.999999939775167 0.5509688472101564 0.023902451508159395 0.05629478394985199
2 1671422823.5418258 -6.0 3.5 0.33564155648004945 0.02351497097005506 0.1660335510969162
5 1671423555.8674421 -5.999918814609412 0.747550001880711 0.7721768033735911 0.1255291424853784 0.2997294068336487
6 1671423826.5327451 -5.999953073273762 2.9870500010869754 0.7865370013242465 0.03297105696515423 0.28842899203300476
6 1671423827.3442962 -6.057337095198017 3.86155333151626 0.7378548966617422 0.08784155654973613 0.2535592019557953
7 1671424074.8286965 -6.0 4.5 0.7575772444602591 0.02047385595871809 0.25839442014694214
10 1671424675.0804446 5.724254592574807e-05 1.7643750013256794 0.7910965031886161 -0.07153027141788368 0.29976189136505127
10 1671424784.3902872 -6.052605088601464 2.4473875998149976 0.7655766828587742 0.09953453074762475 0.2836180031299591
10 1671424784.7915785 -6.0 2.5 0.4965341694171994 0.04686360189737915 0.046988870948553085
13 1671425459.8694346 1.169519936619623e-05 2.747550000270876 0.7774949441396144 -0.022908319548194958 0.2784382104873657
13 1671425460.1015742 -0.029462504706362636 2.928859569748081 0.7542057246412339 0.007495466416871932 0.2543194890022278
13 1671425460.6250124 1.5809018755197357e-06 3.4658750000366236 0.7958026703774066 -0.018001212095354945 0.2963559627532959
13 1671425461.146519 0.0 4.0 0.7812185895000261 -0.016124888886724253 0.28168052434921265
14 1671425721.0529585 0.00016984329541902543 0.8338000039334716 0.7417501604699529 -0.17399149466285435 0.2978536784648895
15 1671425947.5427833 0.17717499923950325 6.000016415899654 0.7366295536132998 -0.17287442372274575 0.293056845664978
15 1671425948.0177577 -0.06317499972883106 6.499994146609507 0.7873736946560035 0.06967993846048161 0.29570460319519043
15 1671425948.4726717 -0.0004619242523028061 6.4998086208341155 0.41982905258486714 0.005118014573821922 0.08033279329538345
