2 1671406389.6235013 -6.063750000000002 6.0 0.7764442964129481 0.07058383627373299 0.28531402349472046
3 1671406508.1988876 -0.0006187327649932323 8.00061870410175 0.22447713938419067 0.0029719301783142985 0.2755384147167206
5 1671406968.0158935 4.6326794886364375e-08 0.9990000000010731 0.5766993701059302 0.08718125819736722 0.11611825972795486
7 1671407530.629379 -5.744799251558933 0.7448110739176665 0.5226219587427741 0.2983563612586577 0.2992130219936371
8 1671407665.9010537 0.05473133258340085 0.9452712028850856 0.7962934123358262 -0.046603862372965585 0.29993611574172974
9 1671408003.6800222 -6.0 3.0 0.3863719345702692 0.006003278486507391 0.11378573626279831
10 1671408105.6518302 2.4562466642730207e-05 0.4698000005689524 0.756971747451972 -0.15424760889888817 0.29971134662628174
10 1671408198.004787 -5.999978444142509 0.5347000004993089 0.7967142128867639 0.04243141988031773 0.29973700642585754
10 1671408199.338991 -5.999999947882356 0.9988750000012072 0.6833367838765958 -0.02114166753232194 0.18455077707767487
10 1671408219.953958 -6.172186212388205 0.8277898554427414 0.7308982180844618 0.19147950666582325 0.2999627888202667
10 1671408249.7469594 -5.998675 9.0 0.5616067165536336 -0.22874093405649853 0.2368919402360916
10 1671408250.3415508 -6.0 9.0 0.5480171151419633 -0.2449255949850775 0.24958720803260803
11 1671408358.3673954 0.0 4.0 0.6997714532695589 -0.013775638635714405 0.20024697482585907
13 1671408881.4322023 1.2855685578572196e-05 0.7225000002977757 0.7952965008072092 -0.051963482682585584 0.2998335659503937
13 1671408885.9772801 0.05073608672944472 0.9492662636564 0.7882042821017293 -0.08263295147940143 0.29981645941734314
13 1671408886.4945326 0.0 1.0 0.6859808987662357 -0.030516241993966547 0.18846842646598816
13 1671408889.1482737 0.15249110945233085 2.8475159548084092 0.7421386005141919 -0.1710415613259805 0.29645854234695435
13 1671408975.4671793 -5.9214209388459 0.921424579077592 0.7712005147976599 -0.12670282900332142 0.2993382215499878
13 1671408975.9161394 -6.0 1.0 0.7482252344785723 -0.03495959250809122 0.25067341327667236
13 1671408976.5167525 -6.0 1.0 0.5986840933526061 0.11380593116173943 0.15063358843326569
13 1671408977.1170278 -6.0 1.0 0.47562481618482266 0.2624848188288418 0.26361382007598877
16 1671409681.6842961 -6.0 1.0 0.5587936267891664 0.019275727376180107 0.061870280653238297
16 1671409682.2838728 -6.0 1.0 0.490536115367036 0.152201068249056 0.15249773859977722
16 1671409702.4022741 -6.204905304794472 5.795066215408372 0.679215699453632 0.19759145248259102 0.2667600214481354
17 1671409817.969154 0.03372977473163069 7.966271787824535 0.7977989794565206 -0.03616678482520157 0.2999882996082306
17 1671409819.1212134 0.0 8.0 0.5238452921842445 -0.0008804703451916751 0.023862579837441444
17 1671409905.328576 -5.999979403107073 0.5554000004770994 0.7974197746326521 -0.03844073598656106 0.299893856048584
17 1671409919.351867 -6.0 1.0 0.2691806072913948 0.016957713332211632 0.23144063353538513
18 1671410013.9528928 0.00011470746047231861 0.5239500026568951 0.5624466151782294 -0.29330815641558905 0.2998815178871155
