2 1671406389.6230679 -6.073199999685809 5.999993217757213 0.7764622654501325 0.08003382130935055 0.2878148853778839
2 1671406390.687881 -6.0 6.5 0.31058973398710954 0.0051478963976414605 0.189477801322937
3 1671406629.2286777 -5.931375000294514 4.500006358352511 0.7674580674074423 -0.0598871638879821 0.2740733027458191
5 1671407097.820562 -5.999918557493622 5.242000001886126 0.7941508337829593 0.00108084006823983 0.2941534221172333
7 1671407559.7612786 -6.0 5.5 0.5648896318237213 0.005406172751169613 0.06511615961790085
9 1671407903.0360653 2.7135920098037003e-05 7.914250000629311 0.7998373155546918 0.0005568407068019931 0.2998388111591339
9 1671407903.1174402 0.013682080283918124 7.966971782077958 0.7759601576842474 -0.0130950074250673 0.27626949548721313
9 1671407903.8584576 0.07661679438516131 8.423386754943232 0.7895405501466435 -0.07554849427731498 0.2992362976074219
9 1671407904.837652 0.19861321756282607 8.80139598333829 0.712651367037056 -0.19882758520099564 0.2911258339881897
9 1671408002.5102496 -5.999653977066538 2.030825008016068 0.7943444289999633 0.0071900344712911846 0.29443272948265076
11 1671408349.1037629 7.603848478271447e-05 0.8586500017612152 0.7991664567847785 0.015885508096221006 0.2995970547199249
13 1671408890.5273309 0.16079980658223988 4.339207642584752 0.7000466519654411 -0.17320723324320847 0.26461178064346313
14 1671409271.368541 -6.0 9.0 0.5940407294244654 -0.0016973271313718286 0.09405625611543655
17 1671409825.9062567 -0.0001913577662086552 9.00046193311779 0.5574616906623024 -0.0007763713267931356 0.057466890662908554
17 1671409923.7340462 -6.0 4.0 0.3970346022240858 0.0052321682457430185 0.10309679061174393
19 1671410295.2783668 0.012649999999999988 6.5 0.7977280583311845 -0.012299539726733116 0.2979864180088043
19 1671410295.8199708 0.0 6.5 0.3299357669981271 -0.00044251043077259133 0.17006519436836243
