0 1665116866.6554134 -2.483999989337804 -1.000230151516707 1.1968440171080557 0.5171606083309341 0.5994647741317749
1 1665117000.5552092 0.0008 1.0 1.0497710155493567 0.033606704878608624 0.45148152112960815
1 1665117016.7587912 0.0 10.0 1.854897288272598 -0.019237643206681643 0.35541820526123047
1 1665117017.3587306 0.0 10.0 1.8548890504302964 -0.01922635400101047 0.3554093837738037
1 1665117017.959466 0.42880000000000407 10.0 1.8497150577234187 -0.4479858917885713 0.5683246850967407
2 1665117202.2079887 0.0 2.0 1.9721371226046545 0.08576838882439802 0.47986316680908203
2 1665117202.808126 0.0 2.0 1.9721380350296027 0.08573241103720855 0.47985872626304626
2 1665117204.0086265 0.0 2.0 1.9721759370756016 0.08566984511511047 0.4798848628997803
2 1665117211.8103335 0.0 6.0 1.9359367980564635 0.006126567533097482 0.4359814524650574
2 1665117214.2112644 0.0 8.0 1.9366906125367782 0.004248207737282517 0.4367126226425171
2 1665117277.841047 -5.999972889559373 0.41480000062792194 2.0871616509690782 -0.12276842649638264 0.5998615622520447
2 1665117297.6328473 -6.0 1.0 1.3181951224378787 0.0995774221500163 0.20728950202465057
2 1665117300.6342423 -6.000388881703371 0.9996110642459439 0.9344299534844154 -0.1335760655665732 0.5811275839805603
3 1665117527.4930172 -6.0 10.0 1.549403905945887 -0.006568604031658154 0.049838535487651825
3 1665117528.0932999 -6.0 10.0 1.5494098323457859 -0.00656754290990591 0.04984388127923012
3 1665117528.6934233 -6.0 10.0 1.5494591679859155 -0.006552506967347327 0.04989127814769745
3 1665117529.293483 -6.0 10.0 1.5495040617696052 -0.006538793023906919 0.049933597445487976
3 1665117529.8936703 -6.0 10.0 1.5495451009014278 -0.006520855329911868 0.04997234046459198
4 1665117627.7323422 -0.30375196321502274 7.696205818286343 1.9667598633160086 0.3060148552178763 0.5581331849098206
5 1665117927.5136738 -5.462974976551332 6.999493835758931 1.764255621882043 -0.5333704744968708 0.5952471494674683
6 1665118028.1282392 1.1674352306118019e-05 7.748000000270292 2.095179397580181 -0.0021481259919822297 0.5951853394508362
8 1665118507.9360657 -5.9999448548989776 0.8096500012775424 1.8882526311529801 -0.45715400308610654 0.5997759699821472
8 1665118533.6422029 -5.473649976504195 3.999492846676018 1.78790233366907 -0.5260668510356785 0.5996951460838318
8 1665118539.3386142 -5.999664116499003 7.999664132059049 1.5810090956472553 -0.003032026677233901 0.08106628805398941
8 1665118539.9372594 -6.0 8.0 1.1368626517342824 -0.00023055483528455767 0.363134503364563
10 1665118901.008019 -4.056749999997625 -1.0 1.29406642170498 -0.5633816892636396 0.5998395681381226
11 1665119044.6603844 0.0 1.0 0.9096411057092103 0.02528153283485933 0.5909000039100647
11 1665119120.298489 -3.5671499999994962 -1.0 1.149360223138084 -0.4766178718076004 0.5917065739631653
11 1665119120.8787117 -3.3861999999994588 -1.0 1.185669606934347 -0.0865286079906733 0.3260222375392914
11 1665119124.4401793 -4.946800000000116 -1.0 2.0999220855036653 0.0030385519313813614 0.5999364852905273
11 1665119160.4789886 -6.00045 7.0 1.4334125506883595 -0.0027643146442386524 0.06664316356182098
11 1665119167.6896412 -6.0 10.0 1.473276609942058 0.005901111227036182 0.027367306873202324
11 1665119169.4909186 -6.0 10.0 1.4732603176374344 0.005935217215546018 0.027390537783503532
11 1665119212.9658525 -8.446250000000617 -1.0 1.279629179900613 0.5577020575567673 0.5996619462966919
12 1665119225.9502919 -5.999998624094211 0.9703000000318704 1.5288569661614781 0.5986551694445537 0.5993499159812927
12 1665119251.8715408 3.7555974447420204e-05 2.189325000870185 2.097001073203029 0.05423699090436325 0.5994597673416138
14 1665119674.8601534 -0.20194999913316297 2.9999812886074597 2.066944485965672 0.19392337794696235 0.5991913080215454
15 1665119975.5369017 -6.0 10.0 1.5555587108725 -0.00128227953047233 0.055573564022779465
15 1665119976.1367042 -6.0 10.0 1.5114831141702627 -0.03066626216356738 0.0327455997467041
15 1665119976.7396142 -6.00022979373381 9.999770174327148 1.4702293137786047 -0.06500045427017564 0.07149409502744675
15 1665119977.3402982 -6.0 10.0 1.4728688007896906 -0.23799702391722555 0.23954002559185028
16 1665120051.7803283 0.0 2.0 1.441749333913788 -0.2825492573775914 0.28849107027053833
16 1665120052.3736057 0.0 2.0 1.4240586696786743 -0.5309267854508667 0.5363267064094543
16 1665120057.1086895 5.327581413527849e-06 1.8850000001234495 2.0996525854402317 0.018159842351573197 0.5999242067337036
16 1665120057.1761534 5.952993144681118e-06 1.8715000001379414 2.0870213450074404 0.03965904485372679 0.5883569121360779
16 1665120059.575809 0.0 1.0 1.063806838478874 0.1509816310979463 0.46159273386001587
16 1665120060.1766043 0.0003250000000000001 1.0 1.0331869408686287 0.08541388894556023 0.4745616316795349
16 1665120072.7808008 0.0 6.0 0.905109642822711 0.010036351567292545 0.5949743986129761
16 1665120076.3674426 -0.20193566269602248 9.798036270257043 2.058217012150142 0.1904134096030442 0.5897977948188782
16 1665120076.3884904 -0.211268823576931 9.78870181215968 2.048945482254644 0.19980908591703206 0.5841769576072693
16 1665120076.9888165 -0.20999611982044347 9.78997469280932 1.7753902517491653 0.20729468253971323 0.3446885943412781
16 1665120077.5889719 -0.31624999864255066 9.999970698302036 1.732743928514564 0.32209506389585685 0.3973853588104248
16 1665120078.1903496 0.0 10.0 1.7097774834849222 0.005631656628414694 0.20985379815101624
16 1665120080.6038218 -0.0006249999973172854 9.999999942091506 1.50450931717425 -0.042987139032148514 0.04322274029254913
16 1665120082.9904032 0.0 10.0 1.5044346249663274 -0.043641951253376554 0.043866440653800964
16 1665120083.59078 0.0 10.0 1.5044200328520798 -0.04364958587536982 0.04387269914150238
16 1665120084.1908145 0.0 10.0 1.5044064030453832 -0.0436564748643824 0.04387805238366127
16 1665120084.7910032 0.0 10.0 1.5043918013008302 -0.04366430292547685 0.04388436675071716
16 1665120085.3911657 0.0 10.0 1.4867551903817713 -0.1457244331280716 0.14632651209831238
16 1665120147.8105874 -6.0 1.0 1.1675609197971233 -0.12844055029791246 0.3563857674598694
16 1665120148.411753 -6.0 1.0 1.118919048715771 -0.14406699399533363 0.4074054956436157
16 1665120149.011287 -6.0 1.0 1.0218258783576675 -0.1309792062524373 0.49578866362571716
16 1665120149.6124578 -6.0 1.0 0.9374931247754507 -0.07866874627734077 0.5679770112037659
16 1665120205.4862573 -8.381649989778325 6.999779331578484 1.5720200885040638 0.5956362669413267 0.5999773144721985
16 1665120206.0375772 -8.64039998866781 6.999755357462192 1.5699283893689362 0.3367320774634379 0.34392043948173523
17 1665120251.6732206 0.010450000000000004 2.0 2.008154576103772 0.3073775553099304 0.5938897728919983
17 1665120252.2517347 0.0 2.0 1.9462563070523493 0.21106773019246644 0.4936527907848358
17 1665120252.8520074 0.0 2.0 1.910422728750486 0.14014318765468314 0.43369004130363464
17 1665120254.0534053 2.3163397436243294e-08 1.9995000000005365 1.8962709083037494 0.0953266052635381 0.4075763523578644
17 1665120257.052988 0.0 2.0 1.956314515581354 -0.15670658280717634 0.4824744164943695
17 1665120258.8540874 0.0 1.0 1.0345543768823835 -0.043659143365463726 0.4674888253211975
17 1665120259.4538317 0.0 1.0 1.0345540534690862 -0.043645618004753736 0.4674878418445587
18 1665120540.3247542 -6.0 1.0 0.9491328515591956 -0.0668289267468305 0.5549070835113525
18 1665120540.9247296 -6.0 1.0 0.9300477975213144 -0.03470879861087539 0.5710082054138184
21 1665121081.0537744 -6.0 1.0 0.9794896738519108 -0.03988316998927477 0.5220359563827515
22 1665121283.3060298 -5.999575 8.0 1.8858139000560312 -0.0003653736056046242 0.3858151137828827
22 1665121300.105572 -6.0 10.0 1.5847998585570924 0.0011151008864977996 0.08480704575777054
22 1665121300.7058344 -6.0 10.0 1.5848200173854075 0.0011272217073665658 0.08482743799686432
22 1665121301.3060818 -5.832942153451687 9.832949892527267 1.417878640311013 -0.16603452982279254 0.18523314595222473
23 1665121375.7273488 0.0 1.0 1.0817063714633197 -0.30910522217619446 0.5201056003570557
23 1665121378.128767 0.0 1.0 1.1607438412397588 0.12980007339573102 0.3632388412952423
23 1665121378.7283032 0.0 1.0 1.096033351870286 0.1731912340914247 0.43952810764312744
23 1665121379.3287904 0.0 1.0 1.01479151449188 0.15003157095771377 0.5078735947608948
23 1665121379.9287324 0.0 1.0 0.9504928964286836 0.09629549105020996 0.5578809380531311
23 1665121383.530373 0.0 1.0 0.9063674996591159 0.020568625804906836 0.5939885377883911
23 1665121391.3326964 0.0 6.0 1.6958231247696025 0.014084244808092894 0.19633202254772186
23 1665121392.7815897 -0.09942998097559091 7.900556199247144 2.091379045398628 0.10109745085402057 0.599959135055542
23 1665121396.7339623 0.0 10.0 2.0022407392975454 -0.01871434121947191 0.5025894641876221
23 1665121397.3338206 0.0 10.0 1.7617458578618912 -0.012404063752145422 0.26204317808151245
23 1665121397.9348078 -0.29899999871659133 9.999972296576729 1.578641623278516 0.3125015321697098 0.322244256734848
23 1665121398.53599 -0.0004242345854958557 9.99957570645012 1.5296630597426102 0.015279783075264355 0.033367402851581573
23 1665121404.5366185 -0.0006249999973172854 9.999999942091506 1.345706979432567 -0.2808195875021813 0.3204099237918854
23 1665121405.1363752 0.0 10.0 1.2856623419508564 -0.5196092864405992 0.5620824694633484
23 1665121458.5684018 -5.999999536732048 0.9900000000107312 1.9638543536686974 -0.37978007936355607 0.5994958281517029
24 1665121650.686424 -4.285700000000066 -1.0 1.5113369879736307 -0.5863691589454763 0.5864759683609009
24 1665121653.0899107 -5.045100884746809 0.0451451211372137 1.7679088751557974 -0.5250904695525633 0.5894798040390015
