0 1665116962.1271243
1 1665117168.0342178
2 1665117371.8449843
3 1665117567.6658254
4 1665117784.5050943
5 1665117975.3657305
6 1665118183.2380018
7 1665118385.028268
8 1665118590.0418155
9 1665118785.0363266
10 1665119008.055299
11 1665119214.9232373
12 1665119426.7164764
13 1665119625.6162093
14 1665119817.5103664
15 1665120026.5640187
16 1665120219.6772268
17 1665120409.531308
18 1665120600.386284
19 1665120781.2504041
20 1665120959.0012007
21 1665121138.2640655
22 1665121346.2854574
23 1665121542.278672
24 1665121730.2684572
