0 1665116777.375387
1 1665116962.2712383
2 1665117168.0943742
3 1665117371.9026868
4 1665117567.7442381
5 1665117784.6424894
6 1665117975.4867346
7 1665118183.2957766
8 1665118385.3115547
9 1665118590.3110693
10 1665118785.3114402
11 1665119008.1571133
12 1665119214.9721558
13 1665119426.8442757
14 1665119625.692252
15 1665119817.608075
16 1665120026.6841006
17 1665120219.772798
18 1665120409.6282806
19 1665120600.5092225
20 1665120781.2773113
21 1665120959.551112
22 1665121138.550892
23 1665121346.550622
24 1665121542.5505688
