0 1665116816.7570183 -0.0007750000000000001 3.9999999999999996 1.2925458291052108 0.0007695195860433247 0.20745517313480377
0 1665116817.074123 0.0008 4.5 1.4837997011204158 0.0008085505028436009 0.016216294839978218
1 1665116983.315871 0.0003712396589959366 -0.5003712224610507 1.6748752880641482 -0.5449378323082734 0.5723115801811218
1 1665116983.9159658 0.0 0.0 1.3940949061059547 -0.15477241628287752 0.18753834068775177
1 1665116984.5163002 0.0 0.5 1.0994367342421176 0.2061357516350822 0.4504927396774292
1 1665116985.1241934 0.0005249999999999999 0.5 0.918389790742249 0.03496885488524121 0.582651674747467
1 1665117007.2127635 0.14828337631405408 3.9385810264747523 2.0685828094827183 -0.14378169578467026 0.5864785313606262
1 1665117008.5412304 0.0010606847399883823 4.498939364396996 2.0972819347235503 -0.0005772757066388407 0.5972825884819031
1 1665117009.7239728 0.0 5.5 1.732792116340561 0.002432557445124217 0.23279675841331482
2 1665117202.973916 0.0 2.0 1.9721428003189814 0.08572459429022512 0.4798620045185089
2 1665117203.58553 0.0005249999999999999 2.0 1.9721885706734967 0.08516266672951224 0.4798077344894409
2 1665117204.1751878 0.27614999999999895 2.0 1.984162213615622 -0.19023721070011407 0.5201959609985352
2 1665117208.9769528 0.0 2.5 1.2103918566043614 0.0030444957810699114 0.2896232604980469
