0 1665116866.6554134 -2.483999989337804 -1.000230151516707 1.1968440171080557 0.5171606083309341 0.5994647741317749
1 1665117000.5552092 0.0008 1.0 1.0497710155493567 0.033606704878608624 0.45148152112960815
1 1665117016.7587912 0.0 10.0 1.854897288272598 -0.019237643206681643 0.35541820526123047
1 1665117017.3587306 0.0 10.0 1.8548890504302964 -0.01922635400101047 0.3554093837738037
1 1665117017.959466 0.42880000000000407 10.0 1.8497150577234187 -0.4479858917885713 0.5683246850967407
2 1665117202.2079887 0.0 2.0 1.9721371226046545 0.08576838882439802 0.47986316680908203
2 1665117202.808126 0.0 2.0 1.9721380350296027 0.08573241103720855 0.47985872626304626
2 1665117204.0086265 0.0 2.0 1.9721759370756016 0.08566984511511047 0.4798848628997803
2 1665117211.8103335 0.0 6.0 1.9359367980564635 0.006126567533097482 0.4359814524650574
2 1665117214.2112644 0.0 8.0 1.9366906125367782 0.004248207737282517 0.4367126226425171
