0 1665116962.2350898
1 1665117168.0600746
2 1665117371.868623
3 1665117567.708135
4 1665117784.6120486
5 1665117975.478282
6 1665118183.2777011
7 1665118385.0639613
8 1665118590.1492438
9 1665118785.0715077
10 1665119008.1295457
11 1665119214.9527218
12 1665119426.8231013
13 1665119625.6694562
14 1665119817.581065
15 1665120026.6548996
16 1665120219.7585475
17 1665120409.603657
18 1665120600.4818974
19 1665120781.2666945
20 1665120959.0340583
21 1665121138.374556
22 1665121346.3980231
23 1665121542.313413
24 1665121730.2949057
