0 1665191183.061485 -6.606200951053687e-06 6.142599999847022 0.767194437140617 -0.09121192096036335 0.2823323607444763
0 1665191183.8293357 0.0 6.0 0.390615748626046 -0.05269343328459408 0.12141382694244385
0 1665191188.0302482 0.0 4.0 0.34459272616085324 -0.06823725371170442 0.16972589492797852
0 1665191212.645657 -0.00075 8.0 0.7766489796006715 7.901212123351958e-05 0.27664804458618164
4 1665191961.620246 -0.0006894450809924596 1.0006894131419515 0.34213381412427935 0.004290922945860854 0.15792995691299438
5 1665192163.671075 9.172705387194835e-05 5.020000002124696 0.7921777640502032 0.011449029639829047 0.2924022972583771
5 1665192177.163583 2.7170665199416355e-05 7.413500000629531 0.7996889416871547 -0.0001637324621360861 0.29968976974487305
5 1665192260.8936129 -5.9999629756257375 9.20080000085721 0.6470323186101723 -0.2613023978425213 0.2998320460319519
6 1665192436.4011083 -5.9998817971844645 7.448500002738321 0.7690686782231708 0.0027079817976769505 0.2690850496292114
6 1665192436.9390774 -5.999868712181428 7.166050003041452 0.33200161819894536 0.0021976321716810077 0.16801293194293976
9 1665192888.4502547 -0.2821421408369109 0.2821290703985741 0.7797664871951493 0.041289617852421856 0.28279605507850647
13 1665193747.3541517 -5.999768330122897 2.9992250053647247 0.7999041735613663 -0.0007956482288875577 0.2999052107334137
13 1665193749.6221306 -5.999996108549233 3.916000000090172 0.7999765268425714 0.003119885470660222 0.29999008774757385
14 1665193840.1434884 0.03794999999999998 6.0 0.7522357722842798 -0.04112321289577875 0.2555704414844513
14 1665193933.2207842 -6.061372603368429 5.938618866450817 0.7947871755266318 0.05513832843098232 0.2998979091644287
17 1665194374.1400523 2.4692181674432212e-05 6.4670000005721615 0.7997546596280065 -0.0005362500001748691 0.2997558116912842
17 1665194459.7140543 -5.999959000786562 7.115000000950024 0.7997630625468428 0.00087566403672934 0.29977187514305115
17 1665194460.0290058 -5.999944454172981 6.801000001287095 0.48568332151775984 0.0019132834986708147 0.014443800784647465
19 1665194734.3975773 0.0007070576424930836 8.000707155916466 0.23228807116675565 0.0020430164808433286 0.267720490694046
19 1665194818.9146333 -5.999381267235007 3.9993812958982486 0.5290826872179251 0.008573122771657005 0.030320165678858757
19 1665194819.514875 -5.999999959464055 3.999125000000939 0.528811579146161 0.00919904302779706 0.030244508758187294
19 1665194821.9144912 -6.0 4.0 0.5296595967536235 0.009257218779965548 0.031070701777935028
