0 1665191185.4913666 0.0 4.0 1.0884314747753425 -0.07248985006198794 0.5928804874420166
3 1665191780.9524786 -0.04034832625046626 7.402574566622539 0.7900809694460138 0.04735039168772323 0.2939215302467346
3 1665191782.0391808 0.0 7.5 0.23367419072127316 0.00269920631380971 0.26633909344673157
3 1665191783.2390015 0.0 7.5 0.23367012823835154 0.0027124153384094907 0.26634371280670166
4 1665192032.4938717 -5.999833744714293 0.4112500038514068 0.7605978369602111 0.130955770846525 0.2916562855243683
4 1665192034.9998922 -5.999920246106468 1.278450001847507 0.7971129039223208 0.041320848796319254 0.29997169971466064
4 1665192061.027653 -5.999975956393476 0.9810000005569046 0.7991498116595109 0.015193740936362943 0.29953545331954956
4 1665192061.1308448 -6.008207412025335 0.9801823087155381 0.7983134459364707 0.023423382541212234 0.2992316782474518
5 1665192245.4564447 -6.0011 1.5 0.5668106948592194 -0.001265386231995791 0.06682556867599487
5 1665192245.954457 -6.0 1.5 0.23425707469533785 -0.001261359098478465 0.2657451629638672
6 1665192304.7697475 -6.0 0.0 0.5945387727928377 -0.021919891607609404 0.09704668074846268
7 1665192537.0269365 0.0 5.0 0.3591433385238565 0.020248779204729228 0.14230476319789886
8 1665192786.5652573 -5.541000001970225 0.5000425279976448 0.6598421528626695 -0.24806995150680078 0.29510968923568726
9 1665192916.8514905 0.0012702916938327133 3.5005262927061813 0.24044649388192285 -0.01305830861198879 0.2598826587200165
11 1665193244.707976 -7.798499992280711 -0.5001666374809839 0.6794135047058187 -0.24024870388844255 0.29984715580940247
11 1665193359.6690202 -5.999927591219658 0.9370000016772241 0.7443575914235909 -0.13327487457586296 0.27833300828933716
14 1665193818.847071 0.00014459519217846495 1.3788000033494585 0.7526235475740586 -0.1601793370967735 0.2991252541542053
14 1665193837.9490728 0.20448490897056426 4.506378270329218 0.7097345870963974 -0.20190118957634254 0.29112598299980164
14 1665193838.7448642 0.005409492173940766 4.994590758424689 0.799106438150198 0.0005639985205042912 0.29910916090011597
14 1665193905.895672 -5.999809383768888 0.3854000044156193 0.7807090051929437 0.10563590865211392 0.2999325096607208
14 1665193933.0838282 -5.999991880071028 5.824725000188093 0.7721664803700099 -0.0064385480711415255 0.27224263548851013
14 1665193933.5619793 -6.000554813400314 5.998660342547204 0.5457327300595045 -0.004140789998521299 0.045918405055999756
15 1665194023.6127105 0.029699172719674947 6.970302203115942 0.7982384138518457 -0.030158851827195104 0.2997596263885498
15 1665194024.1850524 0.0 7.0 0.2589493352002279 -0.001725442678129907 0.24105770885944366
15 1665194113.2098634 -5.885405401706022 9.223371352411005 0.7763073746561702 -0.11420915113840557 0.29898062348365784
15 1665194116.6080172 -6.0 9.0 0.4882050648206633 -0.15421485153685488 0.1546616107225418
15 1665194117.2233694 -6.0091831183500375 8.977826359402002 0.3552193237827286 -0.2623444348839721 0.29964327812194824
17 1665194379.4720993 0.0 9.0 0.5807239183516408 0.0006108718538846425 0.08072713017463684
17 1665194381.872527 0.0 9.0 0.5492739648194735 0.0006010996229484089 0.049277327954769135
19 1665194818.7801044 -6.0 4.0 0.5296947476349905 0.009196956218849195 0.031086396425962448
