0 1665191199.3630967
0 1665191290.224019
0 1665191295.2337575
0 1665191316.2694051
1 1665191436.578313
1 1665191441.2920508
1 1665191477.350142
2 1665191569.4909627
2 1665191573.1442075
3 1665191748.7957883
4 1665191946.853911
4 1665191985.6813407
4 1665192032.1070356
4 1665192034.311904
4 1665192036.2147608
4 1665192036.517753
4 1665192076.2610228
4 1665192077.5996346
5 1665192122.472089
5 1665192237.037073
5 1665192241.347173
5 1665192260.378387
6 1665192305.5600126
6 1665192324.2961154
6 1665192330.906564
6 1665192417.8638713
6 1665192419.6985757
6 1665192423.2735124
6 1665192424.4787614
6 1665192426.2122025
6 1665192428.4215677
7 1665192660.5186472
8 1665192697.3686762
8 1665192698.8917851
8 1665192786.3507986
8 1665192832.6270502
9 1665192873.688635
9 1665192890.024249
9 1665192980.0916257
9 1665192986.8891501
10 1665193067.3392456
10 1665193125.0412643
10 1665193229.9114113
11 1665193236.623781
11 1665193241.3350937
11 1665193245.2468398
11 1665193245.6487083
11 1665193256.6677804
11 1665193308.3607998
11 1665193359.6420732
12 1665193447.190908
12 1665193542.7454596
12 1665193543.0467107
12 1665193556.678181
13 1665193678.587088
13 1665193749.71806
13 1665193775.4645102
14 1665193812.7246685
14 1665193905.5893698
15 1665194023.3897355
15 1665194113.8385713
16 1665194199.880898
16 1665194263.3937895
17 1665194327.4989605
17 1665194341.43
17 1665194374.0839598
17 1665194378.2928236
17 1665194386.0076385
17 1665194395.4290042
18 1665194544.1835358
18 1665194548.093371
18 1665194549.2868822
18 1665194578.4403698
18 1665194649.0478814
18 1665194667.0810685
19 1665194706.947838
19 1665194707.746563
19 1665194726.3764699
19 1665194764.6404333
19 1665194805.7159739
19 1665194807.6259148
