0 1665259981.8780766 -0.1999250000000881 4.5 1.4812023831450079 0.19223032711220364 0.9998559355735779
0 1665259984.9802666 -1.0019999999999243 5.0 0.47465644320368394 0.999631923220327 0.9999529123306274
2 1665260536.9475043 -5.967210201829403 6.532794355626099 0.7934566864994572 -0.03218891718716943 0.29521673917770386
3 1665260656.5486276 0.0 9.0 0.4216339168747165 -0.12319664790073448 0.14601393043994904
3 1665260753.1722205 -6.144133700422122 8.855846266428617 0.7629223560367073 0.14433225019184892 0.2999395728111267
3 1665260754.8782175 -5.999986509637381 9.208800000312635 0.7950863447383476 -0.0031131070745482603 0.29510489106178284
8 1665261743.4074492 -0.0007159825910693501 2.9997033622928795 0.3743096105323507 -0.05033914718219487 0.1353919357061386
10 1665262319.544809 -6.000424234585495 1.4995757064501207 0.3145400383146175 0.10824807639287126 0.21473774313926697
11 1665262506.7903473 -6.0 0.5 0.4518366558865625 0.06989678625229434 0.0848841443657875
16 1665263566.424011 0.00012419287167556026 0.8192000028760431 0.7715457564532284 -0.1269411818390662 0.29975438117980957
16 1665263574.5794122 0.00012932588054666294 0.7084000029949471 0.7964978908122816 -0.044605552646667025 0.29983431100845337
19 1665264223.2057552 0.0 5.5 0.3693795797926889 0.0007009267343685566 0.13061745464801788
19 1665264348.6363966 -6.0 4.5 0.5797742207451546 0.007414167811973904 0.08012190461158752
