4 1665260854.9211564 8.396731573656613e-06 0.8187500001945027 0.7248897682824873 -0.19796039480734076 0.2996063232421875
4 1665260855.190327 1.5345750807027603e-05 0.6687500003554705 0.5969619529695216 -0.15324636664882524 0.18134894967079163
4 1665260938.6096332 -6.0 1.0 0.7745739753583019 -0.04721534708335895 0.27860429883003235
4 1665260950.6383808 -5.99998662313816 0.7112500003098312 0.7650599943967946 -0.14038230967332765 0.29994240403175354
5 1665261171.5620117 -5.999987220753805 8.724150000295737 0.7794510580149199 -0.0017844618628952702 0.2794578969478607
5 1665261172.143803 -5.999998613670645 8.970075000032132 0.7933234059285788 -0.0030780709218092284 0.29333922266960144
5 1665261172.6666114 -6.0 9.0 0.6463152114256623 -0.0037701344041574103 0.14636412262916565
7 1665261515.7652972 3.0060299022263703e-05 9.351125000697067 0.79709721570363 0.0035980254599363992 0.297120600938797
8 1665261841.8247929 -5.999754230565641 0.6948750056935016 0.7798416395982731 -0.08227432038506688 0.29168492555618286
9 1665262043.4923687 -6.000441911026558 0.9995580275522091 0.528850227012414 0.07980246492602205 0.08485767245292664
10 1665262320.0445967 -5.999973538135123 2.4288000006130837 0.7637110331550834 0.0976347613897186 0.28121012449264526
13 1665262879.741737 8.185944654126587e-06 0.8233000001896018 0.7895907116835714 -0.07785785223147977 0.29987427592277527
13 1665262880.4625099 -0.18157240259222163 0.818402360651673 0.7812506887810895 0.1036062500467966 0.2997269034385681
16 1665263586.7993383 0.003446906007153819 6.00344738509277 0.7600978456974383 -0.015700467676374844 0.26057204604148865
18 1665264127.4887135 -5.999953928002423 8.00550000106712 0.7990764820360221 0.004196921681173471 0.2991066575050354
