0 1665260098.319929
1 1665260245.7522824
1 1665260268.8752825
1 1665260272.0391407
2 1665260357.3505204
2 1665260404.6958601
2 1665260415.4191406
2 1665260464.196315
2 1665260470.1931596
3 1665260752.2030036
3 1665260755.208903
4 1665260813.7087743
4 1665260830.7308605
4 1665260845.7652552
4 1665260860.213357
4 1665260861.2783127
4 1665260889.0464854
4 1665260950.4309912
5 1665261043.9402237
5 1665261094.5808034
5 1665261145.0798173
5 1665261168.5400496
5 1665261171.2901149
5 1665261192.3785026
6 1665261228.31584
6 1665261298.3414872
6 1665261316.4214835
6 1665261332.2413964
6 1665261368.21735
7 1665261481.3557346
7 1665261515.1105068
7 1665261528.991401
7 1665261642.162137
7 1665261644.3336325
8 1665261692.1066887
8 1665261701.6741717
8 1665261703.0246725
8 1665261721.6187696
8 1665261725.9817212
8 1665261736.8590877
8 1665261741.301413
8 1665261773.050154
8 1665261774.1892304
8 1665261788.8790824
8 1665261790.4592433
8 1665261797.6017444
8 1665261827.272809
9 1665261928.4064283
9 1665261930.8020885
9 1665261946.6780722
9 1665262101.8808708
9 1665262102.2240303
9 1665262103.201358
9 1665262109.086553
9 1665262109.432809
10 1665262161.885606
10 1665262187.8317418
10 1665262198.880228
10 1665262200.3542242
10 1665262315.4950008
11 1665262506.0771132
12 1665262625.951607
12 1665262654.0585494
13 1665262850.8858027
13 1665262891.845588
13 1665262947.4789677
13 1665262951.2221322
13 1665262958.1714735
13 1665262964.8955123
15 1665263371.2776682
15 1665263423.7253773
15 1665263442.7185566
15 1665263446.018274
15 1665263457.6956258
16 1665263572.3062453
16 1665263651.636029
17 1665263818.4931781
17 1665263842.240608
18 1665264001.3998518
18 1665264053.5049372
19 1665264214.3397427
19 1665264323.1090672
19 1665264376.479557
