0 1665171300.369392 0.12981710859594767 2.6866245728909455 0.775193890201533 -0.11899940292843081 0.2998203933238983
0 1665171300.5040603 3.82196057718831e-08 2.499175000000885 0.5321449464420753 0.011636233627274211 0.03418614715337753
0 1665171515.3497117 -6.0 6.5 0.6736386048571497 0.02084897940650876 0.1748846024274826
1 1665171732.1901176 -0.5233899172106018 0.7362179736254143 0.7532891889873428 0.16023652456902013 0.2997179925441742
2 1665172449.7801225 -6.0 8.5 0.676976423188 -0.003095688773233185 0.1770026981830597
2 1665172450.9804893 -6.0 8.5 0.4413678706598869 -0.0009150355619107486 0.058637943118810654
2 1665172452.6531572 -6.200995502886464 9.014674441411607 0.7282084662831299 0.19461010325053874 0.29992252588272095
2 1665172453.9815671 -6.0 9.0 0.6163230939627375 -0.005335319882436629 0.11644712090492249
3 1665172900.4900544 -6.0 8.0 0.4950308224966511 0.0034949978097564838 0.006074538454413414
4 1665173136.7185307 2.037915706970539e-05 7.560100000471941 0.7992703243204211 -0.005973214139074742 0.29933175444602966
4 1665173137.203195 0.11663255850417188 7.718451764706648 0.7735277608167941 -0.12144533430887765 0.29927894473075867
5 1665173896.08407 -5.9999741079544044 8.941100000599576 0.7992679516560024 -0.005086324679719922 0.299311101436615
5 1665173896.205264 -5.975267008717514 8.9402951445256 0.7982047599103623 -0.029783572848548268 0.29968833923339844
5 1665173896.7373657 -6.0 8.5 0.35818607602694286 -0.0004524648465737968 0.14181451499462128
5 1665173897.3375132 -6.0 8.5 0.3581939205128233 -0.0004376989589909286 0.1418079137802124
7 1665174516.692488 0.0 3.0 0.34686913263294894 -0.05291755157380784 0.162017822265625
7 1665174726.3918607 -5.999917928607858 0.7284250019011435 0.7991059364713017 -0.007942331791944035 0.29921138286590576
8 1665174966.3893266 0.0002246235721594103 0.6513250052026567 0.7851239352683299 -0.09252056601940965 0.29975834488868713
8 1665174983.201694 0.00024214552418772017 0.7731000056087409 0.6901961449604033 -0.23160563619052998 0.29969286918640137
8 1665175038.372296 -0.0006894450809924596 5.500689413141951 0.6558714660365821 -0.026314988883600718 0.15807749330997467
8 1665175038.9373708 0.03823328168848811 5.907705763065508 0.7938754477136438 -0.060031327018748075 0.2999441921710968
10 1665176333.780381 -6.186417302505545 8.04987509586078 0.7327197137453867 0.18911682345600944 0.29987379908561707
10 1665176335.2619061 -5.999993393799066 8.357400000152978 0.7888133937188506 -0.0020189754890083123 0.28882160782814026
10 1665176337.5270188 -6.000440024420939 8.49893751305468 0.4998052955864374 -0.00011631934290790014 0.00022551383881364018
10 1665176339.927273 -6.0 8.5 0.335356183678007 -0.0013973936572568846 0.16465036571025848
11 1665176597.3939958 0.0 6.0 0.2547265308001867 -0.022716156139542143 0.24632151424884796
11 1665176597.9941142 0.0 6.5 0.49705351062774916 -0.017517766582595296 0.017763039097189903
11 1665176598.5983775 0.000854592667230529 6.999646027722673 0.726909008174454 -0.01347964790602324 0.2273091822862625
11 1665176599.1944666 0.0 7.0 0.49539557815957913 -0.01259945110449534 0.013415619730949402
12 1665177106.3160524 0.0 9.0 0.5757711443729221 -0.14323436799764044 0.162044957280159
12 1665177318.1715214 -6.0 4.0 0.7704670762266925 0.052046296597849206 0.27543091773986816
13 1665177528.1565163 -0.20448490897056404 -0.006378270329087561 0.2080721119406143 -0.06382372392807978 0.2988220453262329
13 1665177534.2236676 0.0 0.5 0.66331961326141 -0.12369977066199916 0.20487765967845917
13 1665177535.4315047 6.254117308757134e-08 0.49865000000144866 0.5564848040960885 -0.14831526300758524 0.15870612859725952
13 1665177536.0242164 0.0 0.5 0.4728948577477104 -0.1863044068307334 0.18826767802238464
13 1665177574.4349217 0.0 0.5 0.4413265618037675 -0.15578327978265916 0.16646619141101837
13 1665177800.693144 -6.0 0.5 0.5720165426566778 0.05504168666956133 0.0906422808766365
13 1665177806.094644 -6.0 0.5 0.4596832409113701 0.14372717781722777 0.14927618205547333
13 1665177812.0965254 -6.0 0.5 0.4497465409910691 0.14773699939548646 0.15604989230632782
13 1665177812.6963325 -6.0 0.5 0.4633210120600563 0.1414437893757059 0.14612571895122528
13 1665177818.6996238 -5.999010027576011 0.499010073437198 0.4852625033209863 0.08438155707138328 0.0856592133641243
13 1665177819.298382 -6.0 0.5 0.48627175683532303 0.08534946423606637 0.0864468365907669
14 1665178060.811884 -0.1248330150707909 0.6985770731209368 0.7905914506951509 0.07301316670091165 0.299631804227829
14 1665178061.1611986 0.0 0.5 0.5977967141673508 -0.059423099170109184 0.11443435400724411
14 1665178061.9869375 1.3036360079349274e-05 0.7186000003019595 0.7986942240475774 -0.02199499109948047 0.29950299859046936
14 1665178062.361709 3.469876936543215e-05 0.25100000080373286 0.32566801837133175 -0.08048178586093595 0.19201204180717468
14 1665178064.158087 -0.2762109816221525 0.833058466388269 0.7735405354270364 0.12134094985761384 0.29924076795578003
14 1665178071.3293371 3.2231867541310244e-05 0.8042500007466288 0.7337489486259097 -0.18720367492973522 0.299472451210022
14 1665178071.5036361 -0.0680316017765102 0.8357302792364929 0.7727110055118185 -0.12313032855459854 0.29921954870224
14 1665178072.7944226 -0.20292554339551605 0.7970462519744146 0.7955696013952948 0.047905806486379904 0.2994269132614136
14 1665178076.7664554 -0.0012933879064478543 0.4994641383355245 0.5408593477934235 -0.04141155906859193 0.05816979333758354
14 1665178098.7656937 -0.18909571202447312 3.5434077840195304 0.7734476339379368 0.12313730653780924 0.29989513754844666
14 1665178119.3781242 0.0 7.5 0.4654710265764752 -0.007954211424295421 0.035434041172266006
