0 1665171451.8633492 -5.660527848966915 0.6605435752591724 0.5043556345807336 0.29943880403622103 0.29947078227996826
0 1665171533.5016584 -6.0 8.0 0.47677712810816875 0.004670026472394895 0.023686977103352547
1 1665171733.9497228 -0.2408238330331431 0.7591426948518636 0.7994285838589197 0.010582286909706973 0.2996111810207367
1 1665171739.0361326 -0.12661634732945012 0.8733660542589394 0.7718062582494961 -0.1262966502377555 0.2997152805328369
1 1665171758.295046 1.0699173276007556e-05 0.7690500002478129 0.797166061412541 -0.039197292788712965 0.2997418940067291
4 1665173044.3159761 -2.663768962328545 0.3358608003080929 0.6307692580227378 0.26476607579355577 0.29529833793640137
4 1665173055.83301 -0.7953868184815124 0.2045026306700662 0.7886572543893673 0.07759383496036498 0.2989078760147095
4 1665173056.0752714 -0.9996204185156281 0.00024064419901584366 0.563504147719487 -0.11692525637241492 0.13305723667144775
5 1665173679.0298018 0.0 8.0 0.7585409142003243 -0.0019251876167176718 0.25854790210723877
5 1665173679.6305068 0.0 8.0 0.6534904191588975 -0.0018404195578365368 0.15350382030010223
6 1665174304.3861165 -6.0 8.0 0.7538195985428731 0.0046796311423671355 0.2538629174232483
7 1665174479.8430133 0.00033647382756117616 0.7369500077935995 0.799184758517307 -0.007493629572014923 0.2992785573005676
10 1665176052.6426523 1.8519136253253299e-06 7.960025000042907 0.7991020079753586 -0.0025833372019867656 0.29911309480667114
10 1665176335.2709818 -6.0 8.0 0.4314529484593095 0.0032981963833513817 0.06862521171569824
12 1665177048.429237 0.00019641866129585517 0.7601500045498177 0.6432497017583689 -0.26323489994986415 0.29968830943107605
12 1665177048.8481479 0.0002127025296981555 0.40865000492700126 0.3145367691147844 -0.19835425011790228 0.27155184745788574
12 1665177295.7067382 -5.9999921580317945 0.8307250001816432 0.7831395628447454 0.09782967150266053 0.29956570267677307
13 1665177629.6416097 3.662133135573509e-05 9.209500000847672 0.799323720536794 0.0022490392289127685 0.2993318438529968
13 1665177814.8913474 -5.999988534118356 0.7525000002655898 0.7986796474526523 0.023680915904354727 0.2996115982532501
13 1665177815.2426322 -5.999972583803002 0.4082000006350548 0.44218637991897164 0.06252065476160151 0.08515655249357224
13 1665177822.4447212 -6.0 1.0 0.5245816305802155 0.08944893091667527 0.09276234358549118
13 1665177840.4496715 -6.0 7.0 0.28044162793113525 0.015707775904441945 0.22011956572532654
13 1665177842.25006 -6.0 7.0 0.2804269638015944 0.015713345826247505 0.22013463079929352
13 1665177844.0508661 -6.0 7.0 0.28041293196610795 0.015717675201048387 0.2201489359140396
14 1665178058.0967104 1.4801410965700756e-05 0.6805000003428487 0.7005761154258132 -0.22255347739239775 0.2996000051498413
14 1665178065.1421223 -0.12744714005937846 0.872535146057094 0.7799803600805126 -0.10744225380928007 0.29989099502563477
14 1665178065.7758846 -0.14910078036072896 0.8508784961153382 0.7767864087074728 -0.11396619270641503 0.2993328273296356
14 1665178079.032476 -0.14968410291578746 0.8502950924842523 0.7994330028845463 -0.008562904866562526 0.2995554208755493
14 1665178102.1185174 0.0 4.0 0.45909248134220704 -0.0591183169242504 0.07189122587442398
14 1665178102.7191331 0.0 4.0 0.45909383212183297 -0.05911835391729303 0.07189073413610458
