0 1671388826.808565 -5.999363589156007 4.999363618638199 0.6245788633666836 -0.0020262855924251255 0.12459297478199005
0 1671389352.5389144 -6.0 2.0 0.7552394693581737 -0.0005798087172133037 0.25524118542671204
0 1671389353.1387196 -6.0 2.5 0.7865712141394121 0.0005100248858074252 0.2865739166736603
0 1671389353.7387733 -6.0 3.0 0.795618054492699 0.00032849853865890566 0.29561924934387207
0 1671389792.4611776 -5.999886314043998 1.546000002632986 0.7995629265487765 0.0020873058223029872 0.2995721101760864
0 1671389796.546502 -6.130180268359952 5.185665546981138 0.7396517333629342 0.12549631038907627 0.27051880955696106
0 1671389796.7400446 -5.999997163641975 5.438775000065678 0.799373350936448 -0.006306216290898448 0.2994408905506134
1 1671389887.7270067 0.24996803705726356 4.750043542892453 0.6012882225200809 -0.26072447730480763 0.27970632910728455
1 1671389973.3086023 -6.090361966710642 3.9096254738756655 0.7865161668799416 0.08778231510489842 0.2996635138988495
1 1671389973.6896079 -6.0 4.0 0.4918896266037245 -0.0021981477796737536 0.00840236060321331
3 1671390251.9806118 1.391193650096545e-05 8.69970000032238 0.7998776173229345 -0.0002196114132349391 0.2998785674571991
3 1671390260.5686412 0.0 9.0 0.4098215181851508 -0.21469060171485488 0.23286692798137665
3 1671390337.0396144 -5.932670769959546 8.337468832505445 0.79189866508655 -0.06683220442131699 0.29945266246795654
5 1671390606.855703 0.0 5.5 0.7938171704133747 -0.009395818785007448 0.29397016763687134
6 1671390759.2937803 0.0 0.5 0.45917223687966513 -0.10004035729751254 0.10805214196443558
