1 1671393041.5974107 -5.999992912000389 0.8470000001641905 0.7981160586587461 -0.02876911635772217 0.2995009422302246
1 1671393042.044532 -5.999972203923093 0.40000000064387875 0.3514140783242107 -0.012359816217929698 0.14909908175468445
2 1671393281.5023146 -5.999 1.0 0.5297771603612613 0.11594837877071029 0.11971106380224228
2 1671393282.100348 -6.0 1.0 0.453992997397926 0.24539105295292352 0.24966944754123688
2 1671393282.7449474 -5.95379999999999 1.0 0.4346990521394135 0.29206099244300177 0.29927074909210205
2 1671393284.0609589 -5.881203309121247 0.8812088124637576 0.4561765036478873 0.2966370444849833 0.29985910654067993
3 1671393389.8117745 5.3238752674822365e-05 0.8508000012332042 0.7989600628230775 0.013886581287465696 0.2992831766605377
4 1671393696.692829 -2.873799999999626 1.0 0.7622842745317013 0.12630034999622142 0.29111000895500183
5 1671394140.9051993 -6.0 8.0 0.7828827983858293 0.00031105378633977665 0.2828870415687561
6 1671394373.3755283 -5.999946072135727 0.8359250012490621 0.7909475124090777 -0.07141367470787063 0.2995831370353699
6 1671394378.775716 -5.999946072135727 0.8359250012490621 0.7911414340041905 -0.06919588880270844 0.2992512881755829
9 1671395295.4492843 -5.99999082497826 0.801950000212529 0.7974028576473948 0.03863131321596569 0.29990139603614807
11 1671395863.3158388 -6.0 1.0 0.2411059804571143 0.006351858505947661 0.25897207856178284
14 1671396659.4820313 5.3229487340378245e-06 0.8851000001232826 0.7991623978526815 0.01832330833052227 0.29972296953201294
14 1671396659.6994073 8.33882308204359e-06 0.820000000193132 0.7340907376672265 0.016351740767442884 0.23466110229492188
16 1671397375.0669374 -6.0 0.0 0.2840081495516633 0.06188699692691557 0.22468286752700806
16 1671397462.6884668 -5.99977020626619 9.000229825672852 0.5142226411262758 -0.0012281950506940476 0.014275368303060532
16 1671397463.2880993 -6.0 9.0 0.5139884264372512 -0.000996095883730952 0.014024258591234684
17 1671397647.1887398 -5.999758811123796 1.7937500055849864 0.7995863030083907 0.004944206844794685 0.29962703585624695
17 1671397647.5339932 -5.999752018457486 1.6471250057422926 0.6529585038400669 0.0056624962139091295 0.15306320786476135
17 1671397688.3623786 -5.9998051726642805 1.7945000045144024 0.7999421105011482 0.005858141639989434 0.29999929666519165
18 1671397790.7416456 -3.6068749845177477 -0.0003341899162310896 0.7868571858015532 -0.08723375277170067 0.2998277544975281
18 1671397901.9958186 -5.999999976836603 0.9995000000005365 0.6451293854337097 -0.08983443513851341 0.17068251967430115
18 1671397932.002335 -6.0 5.0 0.7344084850076964 -0.013420599785244569 0.23479345440864563
18 1671397932.6028802 -6.0 5.0 0.38074439329937704 -0.014163857503004529 0.12009494751691818
18 1671397933.2032082 -6.0 5.0 0.37509641055262755 -0.014163788315732617 0.12570351362228394
18 1671397937.4040384 -6.0 7.0 0.22582829140782135 -0.007850639321011599 0.2742859423160553
18 1671397946.4073458 -6.0 9.0 0.4869418749346899 -0.13406281190393265 0.1346975564956665
19 1671398193.1837206 -5.964838300869349 2.9648399297604953 0.7818969208036126 -0.03447197156793447 0.28399986028671265
