0 1671392742.4792542 -0.08624478650407814 3.7917525587170573 0.7836803892240072 0.09423838906945842 0.298923522233963
0 1671392742.9385095 -0.09278363913615537 4.407203464861814 0.7415633847164464 0.09669167445560464 0.2601984143257141
0 1671392743.3569195 0.0 4.5 0.29168501463723473 0.0015265017914017909 0.20832094550132751
1 1671392969.3279016 0.00010876604901248477 6.152200002518956 0.7996414628551021 0.004848236595664426 0.2996806204319
4 1671393753.3428364 -5.999938466435534 1.671750001425055 0.799902239982292 -0.006332867837430811 0.29996901750564575
5 1671394108.5360389 -5.808652472906066 1.3086613372183666 0.6726748730223722 0.24513229691709704 0.29984408617019653
5 1671394115.9777741 -5.958173665086458 0.45817560272161706 0.3015063912394593 0.22485190027011637 0.29993367195129395
5 1671394116.4866946 -6.0 0.5 0.5015778560472364 0.24311879752438603 0.24312365055084229
5 1671394117.0876672 -5.653543513285037 0.356497725408111 0.5570910447387236 -0.19591525179796676 0.2040618658065796
5 1671394117.6872284 -6.0 0.5 0.7253449841875725 0.07827267929331772 0.23855164647102356
5 1671394127.2903128 -6.0 0.5 0.4036357092290828 0.01035331369191983 0.09691895544528961
5 1671394128.4909174 -6.0 0.5 0.4036281954170162 0.010379407897184834 0.09692922979593277
5 1671394129.0911794 -6.0 0.5 0.4036258220358787 0.01039366672649944 0.09693291038274765
5 1671394129.691434 -6.0 0.5 0.4036225115161924 0.010405990323454795 0.09693768620491028
5 1671394130.290698 -6.0 0.5 0.3613519431246458 0.01661860130913162 0.13963927328586578
5 1671394130.8911781 -6.0 1.0 0.7170169638449208 0.014381292555919245 0.21749286353588104
6 1671394392.2867892 -5.999991617166385 2.8190500001941574 0.7988423513593459 0.02444808278050381 0.29984259605407715
6 1671394392.557785 -5.999984712157541 2.6700000003540865 0.27966409796324765 0.023197034411269968 0.22155047953128815
6 1671394393.1571937 -6.0 4.0 0.7027314637175563 0.019517545860536778 0.20367124676704407
9 1671395218.1717103 -0.0963112066051329 8.960097443913263 0.7681043489278991 0.09203385846722138 0.2834608852863312
9 1671395218.3547692 -0.0001944408516856011 8.499805532122972 0.2515566661478523 -0.0007802057389821246 0.24844370782375336
10 1671395457.8114586 0.0 9.0 0.5484262134654418 -0.0021716391172312832 0.04847482219338417
10 1671395652.857985 -6.0 9.0 0.5129968854271123 -0.003541006942587188 0.01347052026540041
10 1671395654.0577645 -6.0 9.0 0.5129870088102972 -0.0035372902045089916 0.013460014015436172
12 1671395998.5391693 0.0 9.0 0.537864876062768 -0.0033465149067739564 0.03801239654421806
14 1671396763.7183135 -6.0 9.0 0.5621836814443295 -0.0019204990791941157 0.06221335753798485
15 1671396866.8662043 0.0007852712289147662 7.500325344582003 0.7468971653914807 -0.0006131048274803479 0.24690093100070953
18 1671397834.1696947 2.574611625227874e-05 2.9442500005963925 0.7990835276230661 -0.007483743255143185 0.2991771101951599
18 1671397836.8063948 -0.014425148408180016 2.965168906227305 0.7987257048321097 0.007038621615273841 0.29880934953689575
18 1671397912.8149998 -5.999971092080017 0.8760000006695797 0.7967884616978158 -0.04109565303005791 0.29962101578712463
18 1671397916.745734 -6.141941821730477 0.858038449769557 0.773956484346207 0.12134733163979217 0.2996290326118469
18 1671397918.2387538 -5.999971592409246 0.8868000006580012 0.7984112319197469 -0.02139055074092333 0.2991768717765808
18 1671397921.5001204 -6.094621989006608 0.9053648594790067 0.7841754252354705 0.07382160422856288 0.29361259937286377
19 1671398088.9973972 0.0002214409213752433 1.2200250051290134 0.6379846724573849 -0.265687793317307 0.2993822991847992
