0 1671392735.5433614
0 1671392738.7535648
0 1671392765.4811306
0 1671392766.1852767
0 1671392768.5861795
0 1671392770.7054727
0 1671392811.9319808
0 1671392812.8808374
1 1671392924.8548117
1 1671392936.0188482
1 1671393026.8117266
1 1671393051.3473563
1 1671393081.7045646
1 1671393086.7195456
2 1671393140.807733
2 1671393145.4144995
2 1671393186.1753218
2 1671393215.9007788
2 1671393282.0157852
2 1671393283.7201905
3 1671393423.1082125
3 1671393431.1366656
3 1671393576.8477228
4 1671393608.79666
4 1671393617.023898
4 1671393684.738215
4 1671393685.7294176
4 1671393695.6184044
4 1671393704.836217
4 1671393716.7538242
5 1671393850.3285708
5 1671393852.3565984
5 1671393852.758812
5 1671393882.1882424
5 1671393971.4239616
5 1671393971.7255032
5 1671393972.0273328
5 1671393973.3950496
5 1671393995.8216217
5 1671394092.0652356
5 1671394111.0923426
5 1671394117.9114833
5 1671394118.9024653
5 1671394125.6447651
5 1671394142.8756955
5 1671394146.08328
6 1671394218.500607
6 1671394238.5858212
6 1671394265.6930153
6 1671394266.3204126
6 1671394309.5895486
6 1671394319.1830583
6 1671394330.416713
6 1671394392.1212144
6 1671394415.1559272
6 1671394425.1733742
7 1671394465.1458712
7 1671394534.6411548
7 1671394645.200479
7 1671394647.2607806
7 1671394655.986628
7 1671394657.5141237
7 1671394659.82203
7 1671394662.2203481
7 1671394662.621216
7 1671394663.290478
7 1671394663.7917225
7 1671394664.4267116
7 1671394665.029226
7 1671394668.2318177
7 1671394671.1406229
7 1671394676.025458
8 1671394932.5786653
8 1671394932.879754
8 1671394987.7624767
8 1671394996.193456
8 1671395086.106341
8 1671395127.6517437
8 1671395142.3569992
9 1671395167.7766914
9 1671395181.9038777
9 1671395217.88406
9 1671395219.5862768
9 1671395264.0304053
9 1671395278.366375
9 1671395290.5841243
9 1671395293.8909035
9 1671395295.7984984
9 1671395296.4932373
9 1671395323.3776195
9 1671395326.1294649
9 1671395332.6484342
9 1671395338.1521513
9 1671395343.7652237
9 1671395349.7725596
10 1671395653.0113716
11 1671395713.4334688
11 1671395833.4427288
11 1671395837.3429117
11 1671395848.4694448
12 1671395925.4641943
12 1671395969.164624
12 1671396014.1382756
12 1671396071.4162116
12 1671396074.178906
12 1671396340.353149
13 1671396464.3038747
13 1671396569.1109138
13 1671396571.8180265
13 1671396575.3302484
13 1671396579.03281
13 1671396583.44426
14 1671396652.2416205
14 1671396764.485827
15 1671396858.0760427
15 1671396862.3866076
15 1671396882.9221861
15 1671396924.4867005
15 1671396983.357002
16 1671397070.6970344
16 1671397172.4676242
16 1671397208.9740381
16 1671397230.6136892
16 1671397234.1768239
16 1671397464.0357273
16 1671397466.0997453
17 1671397630.343023
17 1671397753.7601438
17 1671397755.8597174
17 1671397760.7682672
18 1671397916.0014524
18 1671397926.319146
19 1671398001.927018
19 1671398143.0249999
19 1671398143.3273387
19 1671398194.1883407
19 1671398198.6959622
