0 1671400965.1232102 0.0 4.0 0.8885326294345961 -0.051511996949672234 0.3919350504875183
2 1671401461.2304847 3.2830641358047585e-05 9.291325000760782 0.7991888763729715 0.0003424486956979042 0.2991890609264374
2 1671401554.3783436 -5.999755370204779 0.7194750056677361 0.7895110589753455 -0.0763548601065347 0.29940834641456604
5 1671402083.2002878 5.559215385253502e-08 0.9988000000012877 0.6839439149829691 -0.20629537383293456 0.2763855457305908
5 1671402230.2350094 -6.0 6.0 0.49938006393852863 0.007806278059581118 0.007831043563783169
5 1671402269.199269 -8.709199988371001 7.999748982895555 0.39382643337980916 0.27943138615042606 0.29892268776893616
6 1671402519.6997902 -8.852499987755396 3.9997357056354104 0.7662370692600051 0.1374900632252789 0.29964467883110046
8 1671402932.5132897 -5.883675000000007 4.0 0.7532361809802213 -0.09878594968018728 0.2718243896961212
9 1671403007.4298902 5.327581410752291e-08 0.998850000001234 0.6555400722956514 -0.21245326079685434 0.26330533623695374
9 1671403008.1507962 -0.08749838325851966 0.9124894553373901 0.4462737368028811 -0.294689480636788 0.29954811930656433
9 1671403009.5308127 -0.296999998725173 0.9999724818838622 0.46622485898772326 -0.2972927761038117 0.2992038428783417
11 1671403505.8172605 8.257751186180329e-06 0.821750000191265 0.7985802122323459 0.02025654280412765 0.2992732524871826
12 1671403729.425362 0.00033896273455968906 0.6832250078504387 0.7993907492127428 -0.017942977526802822 0.29992642998695374
12 1671403882.778119 -5.999871776696526 5.232200002970458 0.798522934671321 0.025413437660538385 0.29960528016090393
12 1671403883.6451995 -6.0 6.0 0.7961038555237714 0.017125112958940036 0.29660072922706604
15 1671404494.3497844 -5.999845585845737 0.666850003577391 0.7905139442934719 0.07311622545807417 0.29957500100135803
18 1671405243.036482 -5.999858050068335 4.93590000328965 0.7993947301135718 0.005127446344761921 0.29943498969078064
18 1671405255.7447643 -5.999967107975408 9.29000000076141 0.7962739009258257 -0.04608653774089522 0.29983434081077576
18 1671405256.2325609 -5.999954512877963 9.01812500105297 0.515824254234289 -0.07972238915177865 0.0812811404466629
19 1671405480.704319 -6.000599999997425 7.999999944407848 0.3790269387147607 -0.0013228078905349605 0.12098097056150436
