3 1671401800.2062209 -5.965900000000024 8.0 0.7801412438324125 -0.03544993447169542 0.2823742628097534
3 1671401801.930913 -6.0 8.5 0.6819705914041316 2.473483205278626e-05 0.18197037279605865
3 1671401802.5310488 -6.0 8.5 0.6819715580440011 2.4705262789304072e-05 0.1819714605808258
5 1671402230.7603576 -5.999989511613697 6.773600000242833 0.7747612434214783 0.007487650021031911 0.27486246824264526
6 1671402315.9226122 -0.853733468356605 -0.06143255180302209 0.7468836180365211 -0.12295959018598607 0.27581533789634705
8 1671402798.1804583 0.0004419519749951639 0.4995580684987491 0.5533953741220781 -0.14439707453652098 0.15395231544971466
8 1671402801.0081553 1.0979450385875666e-05 0.7630000002543343 0.7967917837378887 0.04179155167007437 0.2997225522994995
8 1671402802.2001534 0.14506631627241193 0.854940404029406 0.7445578282772342 -0.1736776858966334 0.29995763301849365
8 1671402802.9744413 0.0 0.5 0.34117716184664665 -0.09556560167325079 0.1853586584329605
8 1671402804.1752443 0.0 0.5 0.41378287870050756 -0.13486722744406104 0.1600704938173294
8 1671402809.57692 0.0003358835009963229 0.4996641320590493 0.5879181851310435 -0.05879614673211564 0.10576649010181427
8 1671402810.1761498 0.0 0.5 0.5911272184690655 -0.04947093629853837 0.10368593782186508
8 1671402811.9774914 0.00043884488317243175 0.49981823045218365 0.30616297855602936 -0.04332902153934956 0.19861699640750885
10 1671403403.7179801 -5.999029959070165 4.500401896248356 0.20135142091811087 0.027328395542470574 0.2998955547809601
10 1671403404.3230944 -6.000133920475938 4.999676634407946 0.38142531940664615 0.02226202183945869 0.12065128982067108
12 1671403875.0225604 -6.179989119660178 1.5653966442791363 0.6879193796586464 0.23187139471066587 0.2984619140625
12 1671403875.4468062 -6.0 1.5 0.3769983792250129 0.05295982168192026 0.133915513753891
13 1671404081.6673155 -5.945922295269474 0.869457700912422 0.7889756881535126 -0.0796412937629345 0.2997483015060425
14 1671404284.752021 -6.000349999998497 0.4999999675712437 0.6161656296759505 0.22760611430788735 0.2555398643016815
14 1671404285.3514044 -6.000346443189227 0.49985646562558694 0.7137898746525536 0.14583310681019857 0.2587917745113373
14 1671404285.9509523 -6.0 0.5 0.7521045273505919 0.05493547527783971 0.25801974534988403
14 1671404286.5676718 -6.000282823056997 0.4997171376334139 0.7279426351498854 -0.023399076196048085 0.2291383147239685
14 1671404287.7513032 -6.0 0.5 0.6383767352340124 -0.07006895138943037 0.1551026552915573
14 1671404288.895543 -6.073617998772573 0.8222413145393732 0.7935706186841702 -0.019429368292070315 0.2942143380641937
14 1671404289.3106666 -5.999993837378102 0.8669750001427502 0.7921585221981545 -0.06660769023283564 0.29965758323669434
14 1671404289.812384 -5.999995774996229 0.9088000000978704 0.7990233591207581 -0.02241585515261768 0.2998647689819336
14 1671404290.4247258 -5.96813893192625 0.9230881358878837 0.7998638465305233 -0.005351901822047367 0.2999120056629181
14 1671404291.2425034 -5.885728897345114 0.8857341910365562 0.7973907961505001 -0.03851460800982309 0.29987531900405884
15 1671404394.0537255 -0.030999999866937356 0.4999971277387197 0.3479789640814791 -0.25075270151429463 0.2932368516921997
15 1671404394.5824742 -0.0004619242523028061 0.4998086208341159 0.48271624591485 -0.24957818624327394 0.2501761317253113
17 1671404833.48441 -6.400470051796786 0.03302139204666009 0.7828018252243174 -0.0967356074066189 0.2988889217376709
