0 1671401045.7516363
0 1671401141.4340646
1 1671401156.3300433
1 1671401234.2891693
1 1671401289.17551
1 1671401350.1879115
2 1671401432.8386357
2 1671401460.40532
2 1671401523.1970093
2 1671401579.8768802
3 1671401717.2289395
3 1671401726.0393283
3 1671401735.1497152
3 1671401799.2868936
3 1671401807.3308814
4 1671401911.0944886
4 1671401923.222267
4 1671401933.2532597
4 1671401998.9915457
4 1671402034.9082375
5 1671402078.0811996
5 1671402083.9640708
5 1671402117.2468534
5 1671402138.2569776
5 1671402138.9885097
5 1671402142.1686862
5 1671402144.0987456
5 1671402146.7092874
5 1671402150.9082081
5 1671402151.2470384
5 1671402157.5344286
5 1671402164.101859
5 1671402166.0474384
5 1671402242.380629
5 1671402251.9905968
6 1671402294.7846274
6 1671402297.7489371
6 1671402317.8477325
6 1671402326.4563696
6 1671402352.7494035
6 1671402359.4707391
6 1671402395.5156069
6 1671402407.3082998
6 1671402412.0943794
6 1671402472.9367836
6 1671402477.6905491
6 1671402489.5537648
6 1671402495.1378698
6 1671402496.2809372
6 1671402519.1910803
7 1671402585.4890018
7 1671402593.4873483
8 1671402791.0307698
8 1671402797.5300615
8 1671402809.5702424
8 1671402826.406503
8 1671402833.5939178
8 1671402908.8626037
8 1671402933.0422895
9 1671403005.060742
9 1671403106.9389658
10 1671403215.9120705
10 1671403283.168347
10 1671403316.7181072
10 1671403427.1696415
11 1671403609.7488556
11 1671403632.326191
12 1671403691.0608978
12 1671403695.4248393
12 1671403769.620725
12 1671403843.573198
12 1671403852.298983
12 1671403857.037532
12 1671403860.4162643
12 1671403872.4338555
12 1671403873.8289244
12 1671403891.7087233
13 1671403959.74822
13 1671404079.6960127
13 1671404084.3046005
13 1671404109.8844519
14 1671404235.186871
14 1671404236.2107823
14 1671404258.979147
14 1671404269.3699157
14 1671404275.7020388
14 1671404292.9557533
14 1671404348.6297266
14 1671404352.1878996
15 1671404434.2272894
15 1671404476.3387644
15 1671404479.264554
15 1671404561.8651028
16 1671404598.4947717
16 1671404615.6087222
16 1671404647.310445
